SHIFT SLIDE RISE TILT ROLL TWIST
AAAA -0.212685 -0.462379 3.376928 -1.37773 0.840683 35.18251
AAAC -0.353034 -0.454481 3.339392 -2.927965 0.126094 37.199615
AAAG -0.07464 -0.341554 3.259422 -2.817979 -0.050423 35.511733
AAAT -0.277929 -0.487194 3.378303 -2.428507 0.433765 37.514187
AACA 0.468191 -0.634724 3.349631 -0.142606 -1.328353 32.940664
AACG 0.32794 -0.77845 3.432803 -0.222217 -1.036417 32.852514
AACT -0.015011 -0.871538 3.503615 -1.811248 -1.08812 34.715352
AAGA 0.107083 -0.526211 3.401396 -0.857868 4.127573 32.967491
AAGC -0.359405 -0.692095 3.455736 -3.272998 2.951625 35.88483
AAGG -0.122227 -0.791504 3.414036 -1.965103 2.328857 34.105071
AAGT -0.258149 -0.976722 3.528048 -1.684135 2.220941 36.515524
AATA 0.175731 -0.826703 3.285238 0.443742 -2.236204 31.48205
AATG 0.121216 -0.90534 3.347233 0.714961 -2.346834 32.027969
AATT -0.043978 -0.931828 3.332846 0.22527 -2.653122 32.387266
ACAC -0.584779 -0.068056 3.356569 -1.22107 6.37444 36.287679
ACAG -0.202307 -0.035597 3.171426 -0.287018 6.643208 33.370832
ACCA 0.434645 -0.401035 3.49963 1.400424 3.65907 36.736484
ACCG 0.486324 -0.32352 3.502538 1.289071 3.446488 36.262862
ACGA 0.432038 0.143491 3.303606 3.258075 6.717238 35.840869
ACGC -0.328112 0.011871 3.333895 -2.302288 5.556622 38.398275
ACGG 0.297023 0.20009 3.198517 1.345356 5.731009 34.91149
ACGT 0.3329 0.013749 3.492335 1.302506 5.920507 40.758305
ACTA 0.868235 -0.305232 3.379119 4.212129 3.476714 36.153369
ACTC 0.210266 -0.821292 3.464848 2.604243 2.36701 35.103283
ACTG 0.667945 -0.347562 3.352958 3.541971 0.819766 36.881955
AGAA -0.239254 -0.190192 3.465112 0.663753 1.481417 37.79342
AGAC -0.359791 -0.168198 3.423416 -0.684681 0.632203 39.028878
AGAT -0.359781 -0.329991 3.521816 -0.51355 0.881602 39.715854
AGCG 0.18852 -0.563447 3.503398 0.629737 -1.1861 36.815948
AGCT -0.125139 -0.709049 3.564947 -0.10569 -0.473976 37.51246
AGGA 0.160134 -0.494381 3.517665 2.47216 3.718469 35.074774
AGGC -0.1943 -0.921806 3.637811 1.04847 3.351914 37.612568
AGGG 0.08753 -0.415298 3.424936 1.009781 3.333998 34.724483
AGGT -0.061679 -1.119702 3.677977 1.494597 4.784829 36.300831
AGTA 0.408452 -0.569571 3.371516 2.204757 -1.87246 34.251805
ATAA 0.622013 0.078709 3.272424 2.670721 6.299694 35.056956
ATAC 0.105986 0.043809 3.287419 -0.069076 4.000288 37.697614
ATAT 0.017949 -0.239683 3.531092 -0.338491 4.676058 39.939123
ATCG 0.563629 -0.04088 3.423156 1.746306 0.742649 38.716136
ATGA 0.620779 0.060229 3.256517 2.73685 6.740716 34.906689
ATGC 0.503934 -0.229231 3.356855 0.407099 7.119676 35.811125
ATGG 0.323332 0.103877 3.212748 1.505651 4.897859 36.567871
ATGT 0.761795 -0.15323 3.444183 1.402249 5.691852 38.36594
ATTA 0.970068 -0.065258 3.269281 3.325456 -0.458515 36.858066
ATTG 0.793569 -0.043154 3.332504 3.920297 -0.570178 38.36012
CAAA -0.475229 -0.127939 3.241263 -2.348256 0.448032 34.815446
CAAG -0.662778 0.025804 3.256919 -3.937753 0.979352 36.427569
CACT -0.087284 -0.832035 3.444707 -2.292702 -1.281861 33.380637
CAGC -0.406372 -0.39196 3.243138 -2.877217 2.012542 32.67704
CAGG -0.321571 -0.358392 3.190677 -2.895062 1.234853 31.858564
CATG -0.038727 -0.731092 3.182475 -0.172658 -0.422731 28.896541
CCAG -0.102175 0.046182 3.089546 -0.344111 5.910221 32.301888
CCGA 0.004907 0.051806 3.019313 0.880674 6.886951 29.783231
CCGG -0.074495 0.103897 2.880158 -0.225737 5.43374 28.414004
CGAA -0.39167 -0.041082 3.383767 -0.370873 2.311452 35.722958
CGAC -0.922677 0.321202 3.318211 -3.381176 1.312865 38.187035
CGAG -0.604527 0.188333 3.31316 -2.368011 1.229277 37.156729
CGAT -0.697961 0.020877 3.400846 -2.86519 1.883021 38.003182
CGCA 0.080236 -0.168642 3.402913 0.317017 -2.101165 35.439053
CGCG -0.022561 -0.315769 3.373964 0.307403 -1.11642 32.433901
CGGA -0.073877 -0.288244 3.445171 0.710567 4.097086 33.655445
CGGC -0.578985 -0.283519 3.426968 -1.600956 3.747234 34.716225
CGGG -0.303418 -0.247709 3.427237 -0.297356 2.751812 35.443181
CGTG -0.384983 -0.465967 3.203383 -0.19474 0.182992 29.312649
CTAC -0.84765 0.104237 3.159299 -2.094906 5.621663 34.367225
CTAG -0.094124 0.135578 3.002579 -0.128879 5.616141 31.513569
CTAT -0.123658 0.145858 3.281603 -0.913369 4.160121 36.922924
CTCA 0.600763 0.052628 3.293489 2.57918 1.011011 35.743752
CTCT 0.349708 -0.011471 3.386791 1.058302 1.102758 37.680062
CTGA 0.173849 0.037609 3.021369 1.499739 7.471786 28.958491
CTGC 0.099544 -0.013392 3.169861 0.165778 5.428023 34.372371
GAAA -0.124716 -0.454884 3.328557 -1.340324 1.552269 33.705786
GAAC -0.143226 -0.417683 3.285538 -2.489907 0.565438 35.052843
GAAG -0.095923 -0.33578 3.269057 -2.23707 1.450537 34.136108
GAAT -0.285438 -0.453966 3.377907 -2.659958 0.077602 37.006292
GACA 0.599736 -0.521797 3.246656 0.346652 -0.042915 30.346336
GACC 0.222659 -0.772535 3.408739 -0.949214 -0.684422 33.270221
GACG 0.43248 -0.620402 3.344016 -0.180197 -0.726696 32.212361
GACT 0.048765 -0.846547 3.436569 -2.033506 -1.34778 33.363475
GAGA 0.187855 -0.431647 3.290308 -1.119803 3.774055 31.24314
GAGG -0.146312 -0.477969 3.243252 -2.299623 3.550786 31.690926
GATA 0.250343 -0.826579 3.256994 0.441226 -1.585221 30.394325
GATC -0.053723 -0.814465 3.283662 -0.394762 -1.931474 31.312837
GATG 0.143513 -0.777086 3.283372 0.380148 -1.751328 30.792638
GATT -0.041446 -0.895809 3.320069 -0.541043 -2.366203 31.979993
GCAA 0.089128 -0.114697 3.117503 2.13482 8.536494 30.105448
GCAT -0.339188 -0.100431 3.360815 -1.426094 6.306173 36.415882
GCCG 0.555453 -0.072538 3.36252 1.443311 2.525105 35.831554
GCGA 0.399606 0.071053 3.031132 2.792024 6.902946 29.527766
GCGC -0.146464 -0.074884 3.050344 -0.659327 6.457596 30.387666
GCGG -0.019077 0.191296 3.10431 -0.193612 5.850676 33.850335
GCTA 0.618422 -0.219951 3.254768 3.257147 1.405894 34.59318
GCTC 0.13428 -0.728534 3.431236 2.199124 2.775102 34.04051
GGAA -0.151993 -0.117864 3.365518 -0.000256 2.40262 36.310368
GGAC -0.696106 -0.039858 3.280489 -3.718092 1.38294 37.447329
GGAG -0.095889 -0.028441 3.294359 -1.41449 0.977623 36.550951
GGAT -0.369086 -0.23663 3.457601 -1.409375 0.814462 39.186075
GGCA 0.484881 -0.530478 3.412785 1.777645 -0.075106 34.959625
GGCC -0.11718 -0.696434 3.462836 -1.25669 -0.356599 36.171246
GGCG 0.340611 -0.372519 3.406834 -0.046884 -0.489994 35.975846
GGCT 0.077628 -0.801502 3.560538 -0.855706 -0.95298 37.590527
GGGA 0.370517 -0.41627 3.433458 1.784186 4.661638 33.058048
GGGC -0.253161 -0.593164 3.488568 -0.283493 3.809395 34.690744
GGGG -0.127978 -0.589082 3.458181 0.062185 3.958429 34.928175
GGGT 0.011089 -0.924906 3.648918 0.340374 3.483523 36.964424
GGTG 0.058152 -0.524955 3.28359 0.443023 -2.008072 33.124637
GGTT -0.211671 -0.770605 3.364032 -0.806053 -1.254569 33.250394
GTAA 0.821587 0.083415 3.204987 3.640264 6.80762 34.19331
GTAC -0.221948 -0.047299 3.151816 -0.015322 5.892162 32.534829
GTGA 1.017116 0.102919 3.223445 4.173746 7.229064 33.553819
GTGC 0.681093 -0.066232 3.235902 2.173188 6.52855 34.320007
GTGG 0.549489 0.003254 3.010276 1.277835 6.749725 29.751192
GTTA 1.012915 0.170109 3.239214 4.066772 0.36356 36.94447
GTTG 0.539581 -0.096692 3.184695 3.287396 -0.013096 34.92234
TAAA -0.404318 -0.14501 3.291655 -2.455042 1.748326 34.443807
TAAG -0.427181 -0.215386 3.240583 -3.338627 -0.128431 33.827528
TAAT -0.856197 -0.053912 3.33959 -3.929172 1.09419 37.222798
TACC -0.268478 -0.535966 3.311843 -1.485234 -0.827623 32.993057
TACG -0.053767 -0.496294 3.280629 -0.936988 -0.426465 30.563469
TAGA -0.130175 -0.36203 3.275719 -1.659618 2.730397 32.183838
TAGG -0.345471 -0.26012 3.182457 -2.742928 1.574027 33.150699
TATA -0.108806 -0.741346 3.214486 -0.120287 -0.511749 29.625122
TATG -0.052713 -0.647719 3.145263 -0.078672 0.389557 28.430397
TCAA -0.295654 0.070491 3.067346 -0.226443 8.418389 29.104873
TCGA 0.050218 0.068835 3.060514 0.1643 7.70098 29.295159
TCTG 0.230133 -0.249219 3.204516 1.798062 3.442832 30.825371
TGAA -0.683621 0.060352 3.33026 -1.715343 2.695614 34.847123
TGAC -1.04313 0.238119 3.314235 -4.286875 1.732809 37.409252
TGAT -0.70922 0.077615 3.356004 -2.980521 1.065075 38.23973
TGCA -0.3422 -0.271476 3.362244 -1.19514 -1.012673 33.938742
TGCT -0.588517 -0.386602 3.422307 -2.681344 -0.280447 35.277501
TGGA -0.311653 -0.201463 3.341706 -0.484335 5.107701 32.548715
TGGC -0.63081 -0.168916 3.3828 -2.013147 3.6417 36.082652
TGGG -0.413743 -0.093225 3.311314 -1.159731 2.356667 34.742765
TGTA -0.590299 -0.429675 3.169816 -0.104881 -0.080569 29.605144
TGTG -0.487095 -0.524385 3.245318 0.284343 -1.367409 31.309355
TTAA -0.420686 0.058854 3.144792 -0.116267 8.821739 30.766003
TTAG -0.61966 0.214357 3.089808 -2.587192 5.816721 32.696298
TTGG 0.071149 -0.040006 3.052963 -1.286922 8.019848 28.802661
TTGT 0.283704 -0.061518 3.294863 -1.013317 7.013018 33.576718
TTTT 0.212685 -0.462379 3.376928 1.37773 0.840683 35.18251
GTTT 0.353034 -0.454481 3.339392 2.927965 0.126094 37.199615
CTTT 0.07464 -0.341554 3.259422 2.817979 -0.050423 35.511733
ATTT 0.277929 -0.487194 3.378303 2.428507 0.433765 37.514187
TGTT -0.468191 -0.634724 3.349631 0.142606 -1.328353 32.940664
CGTT -0.32794 -0.77845 3.432803 0.222217 -1.036417 32.852514
AGTT 0.015011 -0.871538 3.503615 1.811248 -1.08812 34.715352
TCTT -0.107083 -0.526211 3.401396 0.857868 4.127573 32.967491
GCTT 0.359405 -0.692095 3.455736 3.272998 2.951625 35.88483
CCTT 0.122227 -0.791504 3.414036 1.965103 2.328857 34.105071
ACTT 0.258149 -0.976722 3.528048 1.684135 2.220941 36.515524
TATT 0.175731 -0.826703 3.285238 0.443742 -2.236204 31.48205
CATT 0.121216 -0.90534 3.347233 0.714961 -2.346834 32.027969
GTGT 0.584779 -0.068056 3.356569 1.22107 6.37444 36.287679
CTGT 0.202307 -0.035597 3.171426 0.287018 6.643208 33.370832
TGGT -0.434645 -0.401035 3.49963 -1.400424 3.65907 36.736484
CGGT -0.486324 -0.32352 3.502538 -1.289071 3.446488 36.262862
TCGT 0.432038 0.143491 3.303606 3.258075 6.717238 35.840869
GCGT -0.328112 0.011871 3.333895 -2.302288 5.556622 38.398275
CCGT 0.297023 0.20009 3.198517 1.345356 5.731009 34.91149
TAGT -0.868235 -0.305232 3.379119 -4.212129 3.476714 36.153369
GAGT -0.210266 -0.821292 3.464848 -2.604243 2.36701 35.103283
CAGT -0.667945 -0.347562 3.352958 -3.541971 0.819766 36.881955
TTCT 0.239254 -0.190192 3.465112 -0.663753 1.481417 37.79342
GTCT 0.359791 -0.168198 3.423416 0.684681 0.632203 39.028878
ATCT 0.359781 -0.329991 3.521816 0.51355 0.881602 39.715854
CGCT 0.18852 -0.563447 3.503398 0.629737 -1.1861 36.815948
TCCT -0.160134 -0.494381 3.517665 -2.47216 3.718469 35.074774
GCCT 0.1943 -0.921806 3.637811 -1.04847 3.351914 37.612568
CCCT -0.08753 -0.415298 3.424936 -1.009781 3.333998 34.724483
ACCT 0.061679 -1.119702 3.677977 -1.494597 4.784829 36.300831
TACT -0.408452 -0.569571 3.371516 -2.204757 -1.87246 34.251805
TTAT 0.622013 0.078709 3.272424 2.670721 6.299694 35.056956
GTAT 0.105986 0.043809 3.287419 -0.069076 4.000288 37.697614
TCAT -0.620779 0.060229 3.256517 -2.73685 6.740716 34.906689
CCAT -0.323332 0.103877 3.212748 -1.505651 4.897859 36.567871
ACAT -0.761795 -0.15323 3.444183 -1.402249 5.691852 38.36594
CAAT -0.793569 -0.043154 3.332504 -3.920297 -0.570178 38.36012
TTTG 0.475229 -0.127939 3.241263 2.348256 0.448032 34.815446
CTTG 0.662778 0.025804 3.256919 3.937753 0.979352 36.427569
AGTG 0.087284 -0.832035 3.444707 2.292702 -1.281861 33.380637
GCTG 0.406372 -0.39196 3.243138 2.877217 2.012542 32.67704
CCTG 0.321571 -0.358392 3.190677 2.895062 1.234853 31.858564
CTGG 0.102175 0.046182 3.089546 0.344111 5.910221 32.301888
TCGG 0.004907 0.051806 3.019313 0.880674 6.886951 29.783231
TTCG 0.39167 -0.041082 3.383767 0.370873 2.311452 35.722958
GTCG 0.922677 0.321202 3.318211 3.381176 1.312865 38.187035
CTCG 0.604527 0.188333 3.31316 2.368011 1.229277 37.156729
TGCG 0.080236 -0.168642 3.402913 0.317017 -2.101165 35.439053
TCCG 0.073877 -0.288244 3.445171 -0.710567 4.097086 33.655445
CCCG 0.303418 -0.247709 3.427237 0.297356 2.751812 35.443181
CACG 0.384983 -0.465967 3.203383 0.19474 0.182992 29.312649
GTAG -0.84765 0.104237 3.159299 -2.094906 5.621663 34.367225
ATAG -0.123658 0.145858 3.281603 -0.913369 4.160121 36.922924
TGAG -0.600763 0.052628 3.293489 -2.57918 1.011011 35.743752
AGAG -0.349708 -0.011471 3.386791 -1.058302 1.102758 37.680062
TCAG -0.173849 0.037609 3.021369 -1.499739 7.471786 28.958491
GCAG -0.099544 -0.013392 3.169861 -0.165778 5.428023 34.372371
TTTC 0.124716 -0.454884 3.328557 1.340324 1.552269 33.705786
GTTC 0.143226 -0.417683 3.285538 2.489907 0.565438 35.052843
CTTC 0.095923 -0.33578 3.269057 2.23707 1.450537 34.136108
ATTC 0.285438 -0.453966 3.377907 2.659958 0.077602 37.006292
TGTC -0.599736 -0.521797 3.246656 -0.346652 -0.042915 30.346336
GGTC -0.222659 -0.772535 3.408739 0.949214 -0.684422 33.270221
CGTC -0.43248 -0.620402 3.344016 0.180197 -0.726696 32.212361
AGTC -0.048765 -0.846547 3.436569 2.033506 -1.34778 33.363475
TCTC -0.187855 -0.431647 3.290308 1.119803 3.774055 31.24314
CCTC 0.146312 -0.477969 3.243252 2.299623 3.550786 31.690926
TATC 0.250343 -0.826579 3.256994 0.441226 -1.585221 30.394325
CATC 0.143513 -0.777086 3.283372 0.380148 -1.751328 30.792638
AATC -0.041446 -0.895809 3.320069 -0.541043 -2.366203 31.979993
TTGC -0.089128 -0.114697 3.117503 -2.13482 8.536494 30.105448
TCGC 0.399606 0.071053 3.031132 2.792024 6.902946 29.527766
CCGC -0.019077 0.191296 3.10431 -0.193612 5.850676 33.850335
TAGC -0.618422 -0.219951 3.254768 -3.257147 1.405894 34.59318
GAGC -0.13428 -0.728534 3.431236 -2.199124 2.775102 34.04051
TTCC 0.151993 -0.117864 3.365518 0.000256 2.40262 36.310368
GTCC 0.696106 -0.039858 3.280489 3.718092 1.38294 37.447329
CTCC 0.095889 -0.028441 3.294359 1.41449 0.977623 36.550951
ATCC 0.369086 -0.23663 3.457601 1.409375 0.814462 39.186075
TGCC 0.484881 -0.530478 3.412785 1.777645 -0.075106 34.959625
CGCC 0.340611 -0.372519 3.406834 -0.046884 -0.489994 35.975846
AGCC 0.077628 -0.801502 3.560538 -0.855706 -0.95298 37.590527
TCCC -0.370517 -0.41627 3.433458 -1.784186 4.661638 33.058048
GCCC 0.253161 -0.593164 3.488568 0.283493 3.809395 34.690744
CCCC 0.127978 -0.589082 3.458181 -0.062185 3.958429 34.928175
ACCC -0.011089 -0.924906 3.648918 -0.340374 3.483523 36.964424
CACC -0.058152 -0.524955 3.28359 -0.443023 -2.008072 33.124637
AACC 0.211671 -0.770605 3.364032 0.806053 -1.254569 33.250394
TTAC 0.821587 0.083415 3.204987 3.640264 6.80762 34.19331
TCAC -1.017116 0.102919 3.223445 -4.173746 7.229064 33.553819
GCAC -0.681093 -0.066232 3.235902 -2.173188 6.52855 34.320007
CCAC -0.549489 0.003254 3.010276 -1.277835 6.749725 29.751192
TAAC -1.012915 0.170109 3.239214 -4.066772 0.36356 36.94447
CAAC -0.539581 -0.096692 3.184695 -3.287396 -0.013096 34.92234
TTTA 0.404318 -0.14501 3.291655 2.455042 1.748326 34.443807
CTTA 0.427181 -0.215386 3.240583 3.338627 -0.128431 33.827528
GGTA 0.268478 -0.535966 3.311843 1.485234 -0.827623 32.993057
CGTA 0.053767 -0.496294 3.280629 0.936988 -0.426465 30.563469
TCTA 0.130175 -0.36203 3.275719 1.659618 2.730397 32.183838
CCTA 0.345471 -0.26012 3.182457 2.742928 1.574027 33.150699
CATA -0.052713 -0.647719 3.145263 -0.078672 0.389557 28.430397
TTGA 0.295654 0.070491 3.067346 0.226443 8.418389 29.104873
CAGA -0.230133 -0.249219 3.204516 -1.798062 3.442832 30.825371
TTCA 0.683621 0.060352 3.33026 1.715343 2.695614 34.847123
GTCA 1.04313 0.238119 3.314235 4.286875 1.732809 37.409252
ATCA 0.70922 0.077615 3.356004 2.980521 1.065075 38.23973
AGCA -0.588517 -0.386602 3.422307 -2.681344 -0.280447 35.277501
TCCA 0.311653 -0.201463 3.341706 0.484335 5.107701 32.548715
GCCA 0.63081 -0.168916 3.3828 2.013147 3.6417 36.082652
CCCA 0.413743 -0.093225 3.311314 1.159731 2.356667 34.742765
TACA 0.590299 -0.429675 3.169816 0.104881 -0.080569 29.605144
CACA 0.487095 -0.524385 3.245318 -0.284343 -1.367409 31.309355
CTAA -0.61966 0.214357 3.089808 -2.587192 5.816721 32.696298
CCAA -0.071149 -0.040006 3.052963 1.286922 8.019848 28.802661
ACAA -0.283704 -0.061518 3.294863 1.013317 7.013018 33.576718
AMgA 0.22 0.06 3.06 1.2 13.6 26.8
TMgT 0.22 0.06 3.06 1.2 13.6 26.8
AMgC 0.1 -0.05 3.19 0.2 13.1 30.4
GMgT 0.1 -0.05 3.19 0.2 13.1 30.4
AMgG 0.2 0.01 3.06 0.1 12.6 28.7
CMgT 0.2 0.01 3.06 0.1 12.6 28.7
AMgT -0.01 -0.17 3.34 -0.2 13.1 33.6
CMgA 0.02 0.02 2.86 1 12.3 23.1
TMgG 0.02 0.02 2.86 1 12.3 23.1
GMgG 0.06 -0.04 2.89 -0.3 12.1 24.4
CMgC 0.06 -0.04 2.89 -0.3 12.1 24.4
CMgG 0 -0.01 2.83 0.1 10.9 24.6
GMgA 0.04 0 2.94 0.9 13.3 23.9
TMgC 0.04 0 2.94 0.9 13.3 23.9
GMgC -0.01 -0.05 3.01 0 13.2 26.1
TMgA 0.01 0.01 2.89 0.1 13.5 21.4
gMgM -0.01 0.11 3.18 -0.09 13.15 35.21
AHJA 0.17 0 3.06 1.3 13.7 27.2
THJT 0.17 0 3.06 1.3 13.7 27.2
AHJC 0.09 -0.07 3.16 0.3 13.2 30.8
GHJT 0.09 -0.07 3.16 0.3 13.2 30.8
AHJG 0.13 -0.04 3.02 0.1 12.5 28.8
CHJT 0.13 -0.04 3.02 0.1 12.5 28.8
AHJT -0.01 -0.23 3.34 -0.3 12.8 34.3
CHJA 0.01 -0.02 2.87 1 12.7 23.5
THJG 0.01 -0.02 2.87 1 12.7 23.5
GHJG 0.02 -0.05 2.92 -0.2 12.4 25.8
CHJC 0.02 -0.05 2.92 -0.2 12.4 25.8
CHJG -0.03 -0.05 2.81 -0.1 11 24.7
GHJA 0.1 0.02 2.94 0.6 14 24.3
THJC 0.1 0.02 2.94 0.6 14 24.3
GHJC 0.03 -0.05 3.05 -0.1 13.1 27.5
THJA -0.02 -0.01 2.89 0.1 13.8 21.6
JHJH -0.01 0.16 3.16 -0.17 12.11 36.03
